1.241218010000000094e+00
1.129065289999999999e+00
9.788999499999999632e-01
1.396903400000000017e+00
3.950000000000000298e-06
3.306981500000000240e-01
1.703716709999999912e+00
2.711787700000000134e-01
4.038909999999999723e-03
4.059299999999999844e-04
8.958628000000000424e-02
1.836001753000000036e+01
2.918266471040000033e+04
8.848096130000000059e+00
6.942402000000000295e-02
1.337132401000000037e+01
2.460077999999999918e-02
-8.960426999999999975e-02
-7.006711000000000189e-02
2.389332299999999965e-01
-3.720858100000000168e-01
-1.292498699999999889e-01
-2.204450000000000021e-01
-1.871737199999999879e-01
-1.110986000000000057e-01
-4.770735899999999918e-01
-8.699547600000000491e-01
6.214330700000000318e-01
5.644524400000000552e-01
-4.889254699999999731e-01
-2.058368000000000003e-02
6.005383999999999722e-02
3.789853400000000039e-01
-4.049387500000000140e-01
5.542477199999999993e-01
8.404471700000000212e-01
8.148781899999999467e-01
-4.541121100000000133e-01
-2.992927899999999752e-01
-3.236261799999999855e-01
-1.276061800000000135e-01
2.212346999999999925e-02
-4.308860999999999941e-01
-5.400727699999999798e-01
-4.996807799999999911e-01
5.235462600000000410e-01
-1.930340500000000126e-01
-7.021550500000000028e-01
7.552994400000000441e-01
-5.342453299999999627e-01
1.402573000000000014e-01
-2.502236400000000249e-01
6.981789200000000362e-01
8.465610000000000079e-01
-1.400766499999999970e-01
3.654786000000000146e-02
2.285116899999999895e-01
5.553368999999999667e-02
-5.327141999999999988e-02
6.481772300000000486e-01
-9.763953199999999555e-01
7.870074999999999987e-02
5.380225100000000094e-01
7.403263900000000008e-01
8.649732599999999660e-01
6.685203100000000065e-01
-5.869151799999999808e-01
-8.373508999999999813e-02
6.624729499999999494e-01
-5.801894100000000165e-01
5.369504800000000078e-01
8.518156399999999850e-01
5.407442799999999661e-01
9.073567900000000241e-01
-4.412590699999999755e-01
-6.051180600000000132e-01
-8.761085000000000400e-02
