1.310662949999999993e+00
1.408418900000000029e+00
1.092643269999999944e+00
9.277988400000000135e-01
4.179999999999999790e-06
4.722662400000000038e-01
1.771401510000000012e+00
4.517533200000000138e-01
4.432728999999999836e-02
2.074319000000000163e-02
6.947989199999999865e-01
3.133487670000000058e+00
2.573595220808999875e+04
1.153340127000000059e+01
8.364657999999999816e-02
3.767549051999999676e+01
3.049433000000000005e-02
-3.420260000000000054e-03
8.541427999999999521e-02
2.435975599999999908e-01
6.956590999999999470e-02
3.187951199999999874e-01
-2.939859999999999869e-03
-2.899968800000000124e-01
-3.714806999999999970e-01
-6.836159999999999459e-02
-3.010463899999999970e-01
-3.919570299999999841e-01
3.555582099999999857e-01
-7.698960799999999827e-01
9.906892299999999763e-01
-8.853525799999999446e-01
-1.070513000000000020e-02
-6.058068199999999681e-01
-6.665453399999999862e-01
-5.516097899999999887e-01
-2.985377900000000251e-01
4.118009300000000095e-01
2.140422899999999962e-01
-3.571056400000000020e-01
3.823331400000000158e-01
-6.420825999999999478e-01
4.019263100000000088e-01
-9.835027499999999812e-01
7.385058599999999585e-01
-2.755371500000000085e-01
-9.491167999999999827e-01
-5.477338600000000168e-01
-9.035973800000000056e-01
1.481847900000000107e-01
-5.490311599999999626e-01
-4.135706800000000238e-01
-5.736590099999999692e-01
6.826758499999999730e-01
-8.270517299999999850e-01
5.146649800000000496e-01
4.723711899999999964e-01
3.956551899999999899e-01
-9.939677399999999885e-01
6.009937699999999827e-01
5.916160000000000169e-02
-9.334761000000000308e-01
6.304063999999999501e-02
8.284777700000000022e-01
8.343443200000000282e-01
1.319677900000000015e-01
4.389202099999999773e-01
-7.737743999999999733e-01
-7.091260000000000341e-01
-4.877730499999999858e-01
-5.249722999999999473e-01
-6.655966199999999722e-01
-5.392099700000000384e-01
7.562175199999999764e-01
-8.992347899999999505e-01
4.861432700000000162e-01
2.562437699999999818e-01
